[{"id": 0, "img_name": "0_0001", "width": 1728, "height": 1152, "position": [0.5054683600594598, -0.9995045898374406, 4.050038068309841], "rotation": [[-0.9881498284972592, 0.12054344298479246, -0.09502207529941883], [0.024760220278879017, 0.7361428231780868, 0.6763731775988293], [0.1514821703454823, 0.6660052719286599, -0.7304040866743923]], "fy": 2056.1986519778034, "fx": 2056.1986519778034}, {"id": 1, "img_name": "0_0002", "width": 1728, "height": 1152, "position": [0.35480840901421623, -1.005463324779648, 4.072358598903294], "rotation": [[-0.9916588702087994, 0.11504906658996146, -0.05810677596447332], [0.04566323449099853, 0.7351803480301148, 0.6763318156690096], [0.12053030387428287, 0.6680371008762146, -0.7343016258329234]], "fy": 2062.811822193747, "fx": 2062.811822193747}, {"id": 2, "img_name": "0_0003", "width": 1728, "height": 1152, "position": [0.20765639284914952, -1.0070346731728628, 4.088061111493562], "rotation": [[-0.9937683397491399, 0.10929000266562103, -0.02191306070786355], [0.06587444145915289, 0.7344293263827084, 0.6754806603534154], [0.08991687758525983, 0.6698277837372753, -0.7370520302250905]], "fy": 2068.8478638902498, "fx": 2068.8478638902498}, {"id": 3, "img_name": "0_0004", "width": 1728, "height": 1152, "position": [0.06389627379113577, -1.006853752547585, 4.10073070060056], "rotation": [[-0.9944897158050837, 0.10396083684540737, 0.013503686916049043], [0.08585837468161878, 0.7337823722069258, 0.6739375117437872], [0.06015434028359759, 0.6713833291352855, -0.7386649312809334]], "fy": 2075.764629488666, "fx": 2075.764629488666}, {"id": 4, "img_name": "0_0005", "width": 1728, "height": 1152, "position": [-0.07325867322935027, -1.0088782707238573, 4.117020490679498], "rotation": [[-0.9940062095783361, 0.09874349317255346, 0.046918843504404145], [0.10456993362815727, 0.7335893686751177, 0.6714996404673981], [0.03188705537850216, 0.6723811127053793, -0.7395179882709847]], "fy": 2087.5471837472064, "fx": 2087.5471837472064}, {"id": 5, "img_name": "0_0006", "width": 1728, "height": 1152, "position": [-0.20480396790445152, -1.008519188212475, 4.129168976127089], "rotation": [[-0.9924815863340429, 0.09378339338552115, 0.07864461782574551], [0.12229153254632888, 0.7335513954227377, 0.6685410468631111], [0.005008178843767743, 0.6731322495605532, -0.73950516749122]], "fy": 2098.194025477924, "fx": 2098.194025477924}, {"id": 6, "img_name": "0_0007", "width": 1728, "height": 1152, "position": [-0.33364997703936516, -1.0011426945391162, 4.135420315711031], "rotation": [[-0.9899175038688685, 0.08971049326889492, 0.10961461093978236], [0.14010913008337525, 0.7338185962864433, 0.66474032479719], [-0.02080305749903435, 0.6733960908274159, -0.738989132299688]], "fy": 2106.00237961865, "fx": 2106.00237961865}, {"id": 7, "img_name": "0_0008", "width": 1728, "height": 1152, "position": [-0.4630742600765095, -0.990501456799403, 4.134984271245991], "rotation": [[-0.9864031549555186, 0.08513674986166787, 0.14057222242246448], [0.15750369117481708, 0.7339289338428363, 0.6607124240807232], [-0.04691911295098065, 0.6738694635397194, -0.7373591682135535]], "fy": 2111.636637004783, "fx": 2111.6366370047836}, {"id": 8, "img_name": "0_0009", "width": 1728, "height": 1152, "position": [-0.6035946114965849, -0.9678902101051667, 4.118165638789112], "rotation": [[-0.9813643590771134, 0.07986245460865768, 0.17477409154976672], [0.17654798192594667, 0.7338111394930368, 0.656012211497474], [-0.07586042981055252, 0.6746430166390303, -0.7342356537850413]], "fy": 2109.9577616772235, "fx": 2109.9577616772235}, {"id": 9, "img_name": "0_0010", "width": 1728, "height": 1152, "position": [-0.7596481132181823, -0.9534868843466812, 4.1099323265194805], "rotation": [[-0.9745254152137719, 0.07391589825944243, 0.2117466766844867], [0.19693180111559053, 0.7338083527830885, 0.6501870247053073], [-0.10732232205740928, 0.6753234346372632, -0.7296712806585818]], "fy": 2118.907724248952, "fx": 2118.907724248952}, {"id": 10, "img_name": "0_0011", "width": 1728, "height": 1152, "position": [-0.9115985048166989, -0.9176065410067943, 4.079188632414065], "rotation": [[-0.9660993677972063, 0.0684802399723835, 0.24892261503359406], [0.217745216547201, 0.7341491132235686, 0.6431268150402843], [-0.13870483846157142, 0.6755261181378353, -0.7241722388361602]], "fy": 2115.1930756650086, "fx": 2115.1930756650086}, {"id": 11, "img_name": "0_0012", "width": 1728, "height": 1152, "position": [-1.064070551920092, -0.8914923866814017, 4.057966304681907], "rotation": [[-0.956426849793077, 0.06323483821539315, 0.28504216570669677], [0.23793590674030232, 0.734612934705968, 0.6353977812727672], [-0.16921638596353814, 0.6755332644648657, -0.7176493735264322]], "fy": 2121.7427154802804, "fx": 2121.7427154802804}, {"id": 12, "img_name": "0_0013", "width": 1728, "height": 1152, "position": [-1.2051428607148849, -0.8563771700260707, 4.019997483300184], "rotation": [[-0.9458336822407821, 0.05777439465151779, 0.3194695053702197], [0.25697296924004354, 0.7345997394672812, 0.6279555046773282], [-0.19840246626188357, 0.67603649464896, -0.7096556342931043]], "fy": 2118.8739628631497, "fx": 2118.8739628631497}, {"id": 13, "img_name": "0_0014", "width": 1728, "height": 1152, "position": [-1.3309148270342526, -0.8071006481334745, 3.967298638718579], "rotation": [[-0.9345328712054176, 0.05253496657770794, 0.3519778258970838], [0.27478862940183074, 0.7350067581918865, 0.6198840815537346], [-0.22614049126156524, 0.6760215549070406, -0.701323987550009]], "fy": 2106.7677695676553, "fx": 2106.7677695676553}, {"id": 14, "img_name": "0_0015", "width": 1728, "height": 1152, "position": [-1.4478308829406417, -0.750561241372091, 3.914291833926237], "rotation": [[-0.9225209286011908, 0.047944914448911295, 0.3829574669219582], [0.2916540187832174, 0.736465851112737, 0.6103736425112005], [-0.25277078474458775, 0.6747735437339543, -0.6933884878308307]], "fy": 2093.20246546707, "fx": 2093.20246546707}, {"id": 15, "img_name": "0_0016", "width": 1728, "height": 1152, "position": [-1.5913623857363686, -0.760649730246661, 3.9119758942808565], "rotation": [[-0.9103098705443898, 0.04264747574374928, 0.4117245831889828], [0.3075458917314499, 0.7354211777574758, 0.6037973300577886], [-0.27704054589276744, 0.6762668734445693, -0.6825772130777175]], "fy": 2126.429884146004, "fx": 2126.429884146004}, {"id": 16, "img_name": "0_0017", "width": 1728, "height": 1152, "position": [-1.6841221843756577, -0.690363138885669, 3.8419038031517627], "rotation": [[-0.8975418656168968, 0.03879831506878678, 0.4392189547512302], [0.32254488498433603, 0.7369565653123927, 0.5940200484944952], [-0.30063831531490043, 0.6748256897827647, -0.6739635685805532]], "fy": 2101.163900416906, "fx": 2101.1639004169056}, {"id": 17, "img_name": "0_0018", "width": 1728, "height": 1152, "position": [-1.795849156372568, -0.6586025858841598, 3.8043520868586866], "rotation": [[-0.884307892803384, 0.03463019945734689, 0.4656181912373944], [0.33704944755262006, 0.7374582177757427, 0.585280314840247], [-0.3231055874325174, 0.6745043560426941, -0.6638122121875418]], "fy": 2105.6477642596983, "fx": 2105.6477642596983}, {"id": 18, "img_name": "0_0019", "width": 1728, "height": 1152, "position": [-1.893185248228263, -0.6020356659973668, 3.7416230469166254], "rotation": [[-0.8697973767906748, 0.030109705870695787, 0.4924895216554773], [0.3513137862973201, 0.7386499381569466, 0.5753041738230134], [-0.3464551152537679, 0.6734164198125252, -0.653053733349239]], "fy": 2092.8723305120907, "fx": 2092.8723305120907}, {"id": 19, "img_name": "0_0020", "width": 1728, "height": 1152, "position": [-2.0363810030154275, -0.5799270477043674, 3.7230246674574077], "rotation": [[-0.8529582902780622, 0.02597919327883336, 0.5213321748775014], [0.3668114073414621, 0.740405456604921, 0.5632487472456856], [-0.3713644389142565, 0.6716582772111421, -0.6410644368264861]], "fy": 2119.8902785181995, "fx": 2119.8902785181995}, {"id": 20, "img_name": "0_0021", "width": 1728, "height": 1152, "position": [-2.1495208339211938, -0.5185381696412132, 3.6487625179972425], "rotation": [[-0.8340674692526385, 0.020848255050386823, 0.5512683620486962], [0.3828151292020109, 0.7414013271405445, 0.5511593680309597], [-0.3972203841553781, 0.6707379684911189, -0.6263597560794116]], "fy": 2110.177027312215, "fx": 2110.177027312215}, {"id": 21, "img_name": "0_0022", "width": 1728, "height": 1152, "position": [-2.2764372132201536, -0.4641261682306237, 3.582240980801486], "rotation": [[-0.8131853281942384, 0.015708094418394613, 0.5817928134476834], [0.3990910225237055, 0.7426522656854228, 0.537767578060719], [-0.42362244717508946, 0.669492993273306, -0.6101828858689312]], "fy": 2112.9564694086985, "fx": 2112.9564694086985}, {"id": 22, "img_name": "0_0023", "width": 1728, "height": 1152, "position": [-2.3945421289582276, -0.4024689007284136, 3.5086909847195535], "rotation": [[-0.7913830269381711, 0.010850702630479837, 0.6112243180098472], [0.41464879943068433, 0.7442120630779482, 0.5236552093696348], [-0.44919848375174865, 0.6678552743085054, -0.5934560259812357]], "fy": 2110.8253450751417, "fx": 2110.8253450751417}, {"id": 23, "img_name": "0_0024", "width": 1728, "height": 1152, "position": [-2.512953591596664, -0.3383411032895956, 3.4323785565669955], "rotation": [[-0.7680128969377071, 0.006459122525420094, 0.6404018034590092], [0.4303234879561859, 0.7457866726132469, 0.5085508181742346], [-0.474318338092227, 0.666153524863948, -0.5755532950655082]], "fy": 2110.2126293758815, "fx": 2110.2126293758815}, {"id": 24, "img_name": "0_0025", "width": 1728, "height": 1152, "position": [-2.616014178922022, -0.2666307512186168, 3.3497217225287654], "rotation": [[-0.7443735382824302, 0.0024194807061848245, 0.6677590745306324], [0.44465001906027857, 0.7478502984890254, 0.492956683289282], [-0.4981911240222855, 0.6638629957777342, -0.5577557949339684]], "fy": 2102.939004993071, "fx": 2102.939004993071}, {"id": 25, "img_name": "0_0026", "width": 1728, "height": 1152, "position": [-2.7247103799718144, -0.20779699356304887, 3.273938538129906], "rotation": [[-0.7204880659482747, -0.002004879400817207, 0.6934644383706368], [0.45819308791100843, 0.7492462323222765, 0.4782145726987504], [-0.5205343802446573, 0.6622885049655185, -0.5389043469613588]], "fy": 2106.4271569355137, "fx": 2106.4271569355137}, {"id": 26, "img_name": "0_0027", "width": 1728, "height": 1152, "position": [-2.812874700613025, -0.14144797577366072, 3.1897845950933945], "rotation": [[-0.696910915359774, -0.00641731121843508, 0.7171289940932014], [0.4701837941611829, 0.7509711835052035, 0.46364801439560577], [-0.5415185830242539, 0.6603037934629176, -0.5203426991684273]], "fy": 2100.134408801927, "fx": 2100.134408801927}, {"id": 27, "img_name": "0_0028", "width": 1728, "height": 1152, "position": [-2.9020452180478933, -0.07569784070451718, 3.1136925729323095], "rotation": [[-0.6730828583312083, -0.009466617814028746, 0.7395064901458627], [0.48156852771786807, 0.7532775073206834, 0.4479561921397924], [-0.5612942356129582, 0.6576346859099668, -0.5024593525408435]], "fy": 2099.829145698333, "fx": 2099.829145698333}, {"id": 28, "img_name": "0_0029", "width": 1728, "height": 1152, "position": [-2.9810147191203944, -0.014163728831097344, 3.036901110107597], "rotation": [[-0.650089882684948, -0.012798261771097072, 0.7597495303890018], [0.49186069489933865, 0.7550339137393501, 0.43358603058283485], [-0.5791858089109315, 0.6555608237220081, -0.48454494647773594]], "fy": 2097.577147031005, "fx": 2097.577147031005}, {"id": 29, "img_name": "0_0030", "width": 1728, "height": 1152, "position": [-3.055770906944978, 0.0504106013250247, 2.9534596843116114], "rotation": [[-0.6259167677933611, -0.01640317923846819, 0.7797173433405096], [0.5019018874597317, 0.7567584862232241, 0.4188210702597152], [-0.5969277135126749, 0.6534887368884068, -0.4654350390769096]], "fy": 2093.9006545979364, "fx": 2093.9006545979364}, {"id": 30, "img_name": "0_0031", "width": 1728, "height": 1152, "position": [-3.125643153246285, 0.12275044442308987, 2.8576896812436976], "rotation": [[-0.5994160248803747, -0.02046013010667194, 0.8001761132354723], [0.5121091805501294, 0.7584989250098556, 0.4030180739807685], [-0.615178523936657, 0.6513530255053025, -0.4441785900425683]], "fy": 2084.375179093379, "fx": 2084.3751790933793}, {"id": 31, "img_name": "0_0032", "width": 1728, "height": 1152, "position": [-3.214054940599015, 0.20304043568780067, 2.755117422229719], "rotation": [[-0.5680458501974907, -0.0244213433564874, 0.8226344936009391], [0.5229252229893006, 0.7611399704118471, 0.3836862736703554], [-0.6355101283496585, 0.6481277215411458, -0.41959186519150093]], "fy": 2083.583878940052, "fx": 2083.583878940052}, {"id": 32, "img_name": "0_0033", "width": 1728, "height": 1152, "position": [-3.2973462903386785, 0.28478499113199207, 2.645871956377576], "rotation": [[-0.535373223229495, -0.02854309830619057, 0.8441331668569502], [0.53349532634494, 0.7633887704328902, 0.3641707318622211], [-0.6547963413283299, 0.6453083578538582, -0.39347029705810044]], "fy": 2081.3539393917044, "fx": 2081.3539393917044}, {"id": 33, "img_name": "0_0034", "width": 1728, "height": 1152, "position": [-3.3802002640869846, 0.36451127144890916, 2.541190009553362], "rotation": [[-0.5027659654244139, -0.0320997454718752, 0.8638263658580337], [0.5427410362281156, 0.7660629379558259, 0.3443540949146961], [-0.6727990425118694, 0.6419635359045941, -0.3677285234571594]], "fy": 2084.598552386255, "fx": 2084.598552386255}, {"id": 34, "img_name": "0_0035", "width": 1728, "height": 1152, "position": [-3.457945251877493, 0.4411123391983221, 2.4391294500426857], "rotation": [[-0.470779967517415, -0.03533070182373773, 0.8815429448943162], [0.5509616865378938, 0.7686282246161286, 0.3250413393566696], [-0.6890627272981905, 0.6387193388587041, -0.3423889075543752]], "fy": 2089.056936162339, "fx": 2089.056936162339}, {"id": 35, "img_name": "0_0036", "width": 1728, "height": 1152, "position": [-3.5272250263638414, 0.5138527960169144, 2.339438570522674], "rotation": [[-0.44000118003372984, -0.03874585418416291, 0.8971609222165581], [0.5578211164020253, 0.7711422848932228, 0.3068797460662039], [-0.7037290413681416, 0.6354827576206921, -0.3176902596899648]], "fy": 2093.2924045349346, "fx": 2093.292404534934}, {"id": 36, "img_name": "0_0037", "width": 1728, "height": 1152, "position": [-3.585422570189839, 0.5881727242665682, 2.2406871034463443], "rotation": [[-0.40975008583077244, -0.0413613206685813, 0.9112596272820523], [0.5638846380967061, 0.7737586122165313, 0.2886723487611761], [-0.7170348541599778, 0.6321288248239422, -0.2937246444316182]], "fy": 2094.727116494104, "fx": 2094.7271164941044}, {"id": 37, "img_name": "0_0038", "width": 1728, "height": 1152, "position": [-3.6347140983617265, 0.660361614193733, 2.1414946590047474], "rotation": [[-0.3801291411684803, -0.04401996575733228, 0.9238853168273846], [0.5695422777494298, 0.7758964373544558, 0.27130483290323937], [-0.7287821553046594, 0.6293226208514887, -0.2698696148033498]], "fy": 2094.6348954824034, "fx": 2094.6348954824034}, {"id": 38, "img_name": "0_0039", "width": 1728, "height": 1152, "position": [-3.6919612647098576, 0.726888993117727, 2.0489293158747524], "rotation": [[-0.3512898746777086, -0.04642560484197902, 0.9351150128000167], [0.5741124885700071, 0.7782799525991848, 0.2543131255955225], [-0.7395879085118093, 0.6261988331171394, -0.24674834748354416]], "fy": 2103.0684724820744, "fx": 2103.068472482074}, {"id": 39, "img_name": "0_0040", "width": 1728, "height": 1152, "position": [-3.7371277728911925, 0.7928327290447232, 1.957035636071596], "rotation": [[-0.3233232108942873, -0.04868651585395636, 0.9450353032934855], [0.5779153124792726, 0.780640287624182, 0.2379382964972623], [-0.74931701762271, 0.6230813466250108, -0.2242624413248242]], "fy": 2106.5318267126795, "fx": 2106.5318267126795}, {"id": 40, "img_name": "0_0041", "width": 1728, "height": 1152, "position": [-3.7766943349851254, 0.8582255711692309, 1.8635652134903893], "rotation": [[-0.2953990960226861, -0.05120822746789205, 0.9540005720693129], [0.5811772532064213, 0.7829156975904834, 0.22198200562623485], [-0.7582693284212536, 0.6200167158278905, -0.20151153234884042]], "fy": 2108.828712879269, "fx": 2108.828712879269}, {"id": 41, "img_name": "0_0042", "width": 1728, "height": 1152, "position": [-3.8154332375835014, 0.932334309841205, 1.761992887755959], "rotation": [[-0.2646192574564438, -0.0531030522541783, 0.962889772728161], [0.5840797200845493, 0.7856830304018401, 0.20384566790720743], [-0.767350981734665, 0.6163458782046579, -0.17689044420480773]], "fy": 2111.50372392377, "fx": 2111.50372392377}, {"id": 42, "img_name": "0_0043", "width": 1728, "height": 1152, "position": [-3.858284690428371, 1.014307460532277, 1.648587451353299], "rotation": [[-0.23030523963014832, -0.054819648177238174, 0.9715731072712048], [0.586834684511022, 0.7886161048084439, 0.1836019942473588], [-0.7762631961221333, 0.6124372991666016, -0.14945235005100804]], "fy": 2117.0069698062593, "fx": 2117.0069698062593}, {"id": 43, "img_name": "0_0044", "width": 1728, "height": 1152, "position": [-3.902218121725615, 1.0998391494710713, 1.5244235143465046], "rotation": [[-0.19331854158886128, -0.05716548828873654, 0.9794692687505138], [0.5891609213604067, 0.7915112711965396, 0.1624786641703902], [-0.7845491381804663, 0.6084751552179828, -0.1193341328486512]], "fy": 2125.6982541254747, "fx": 2125.6982541254743}, {"id": 44, "img_name": "0_0045", "width": 1728, "height": 1152, "position": [-3.935286153378038, 1.1863785436239538, 1.3980245466660597], "rotation": [[-0.15605021537285493, -0.05947789239112432, 0.9859567488479376], [0.5906169328127553, 0.7944660516048431, 0.14140484971267456], [-0.7917196277451625, 0.6043890081430341, -0.08884794808514444]], "fy": 2131.047838351578, "fx": 2131.047838351578}, {"id": 45, "img_name": "0_0046", "width": 1728, "height": 1152, "position": [-3.9692060033436176, 1.271732119736284, 1.2727536167826587], "rotation": [[-0.1192424015916079, -0.06152259768077149, 0.9909572239190122], [0.5909753310297188, 0.7976190423940459, 0.12063175918770035], [-0.7978279311837734, 0.6000156941155915, -0.058751672640062334]], "fy": 2140.886798332468, "fx": 2140.886798332468}, {"id": 46, "img_name": "0_0047", "width": 1728, "height": 1152, "position": [-3.9921158335870968, 1.3578643752282846, 1.147502991947081], "rotation": [[-0.08268043032728721, -0.06308400490251517, 0.9945774754971852], [0.5908671016038307, 0.8005601669861075, 0.09989738373683171], [-0.8025210369100505, 0.5959226689434082, -0.0289163959749853]], "fy": 2146.858944291265, "fx": 2146.8589442912644}, {"id": 47, "img_name": "0_0048", "width": 1728, "height": 1152, "position": [-4.015691778968178, 1.4398633293857526, 1.0250458531663278], "rotation": [[-0.04729688969039961, -0.06463296959587943, 0.9967876320795882], [0.5900712152683619, 0.8033688843349108, 0.08008992816952143], [-0.8059646177949329, 0.5919636939236212, 0.00014120541275591727]], "fy": 2156.9199860607405, "fx": 2156.9199860607405}, {"id": 48, "img_name": "0_0049", "width": 1728, "height": 1152, "position": [-4.02218978464854, 1.5204636723468765, 0.9040841526060499], "rotation": [[-0.012686346228924231, -0.06623107628229039, 0.9977236597143763], [0.5888279562202563, 0.8059541474077396, 0.06098811564345397], [-0.8081588300531248, 0.5882612997731135, 0.028774095926916952]], "fy": 2159.5138748369613, "fx": 2159.5138748369613}, {"id": 49, "img_name": "0_0050", "width": 1728, "height": 1152, "position": [-4.026019981021253, 1.5981163769862183, 0.7893586376756184], "rotation": [[0.020387419199788075, -0.0670942895393832, 0.9975383248023996], [0.5864717174841392, 0.8088582549506486, 0.042417543415379004], [-0.809713083585523, 0.5841632303640797, 0.05583943553642807]], "fy": 2164.012869855409, "fx": 2164.012869855409}, {"id": 50, "img_name": "0_0051", "width": 1728, "height": 1152, "position": [-3.9982401426688567, 1.673347743366255, 0.6802264009470225], "rotation": [[0.052240324926191524, -0.06793398088036764, 0.9963211945418764], [0.5838681868290186, 0.8114721560082093, 0.02471599547625923], [-0.8101659637756945, 0.5804290777219334, 0.08205605933912351]], "fy": 2151.303120168315, "fx": 2151.303120168315}, {"id": 51, "img_name": "0_0052", "width": 1728, "height": 1152, "position": [-3.9733782451421678, 1.7463194940947933, 0.5726193421101253], "rotation": [[0.08359057028123175, -0.06855528915931362, 0.9941392200734971], [0.5803858067288179, 0.8143084439363496, 0.007353467325021234], [-0.8100400804329357, 0.5763696127158716, 0.10785702401771755]], "fy": 2143.056867139287, "fx": 2143.0568671392866}, {"id": 52, "img_name": "0_0053", "width": 1728, "height": 1152, "position": [-3.9613986615075953, 1.8203118348690825, 0.45940590127247116], "rotation": [[0.11596996378336939, -0.06934325641505294, 0.9908291882508508], [0.576490648320358, 0.8170389028385252, -0.010293864560614272], [-0.8088321827791332, 0.5723975402097525, 0.13472771081914636]], "fy": 2145.803614804706, "fx": 2145.803614804706}, {"id": 53, "img_name": "0_0054", "width": 1728, "height": 1152, "position": [-3.9397862670145405, 1.8994372417258705, 0.3375276431708216], "rotation": [[0.1508046019131918, -0.07001677995862478, 0.9860809411838507], [0.5717275932140587, 0.8199231058021452, -0.029217455902659575], [-0.8064648356868781, 0.5681758100236137, 0.16367870266026327]], "fy": 2146.6803497753426, "fx": 2146.6803497753426}, {"id": 54, "img_name": "0_0055", "width": 1728, "height": 1152, "position": [-3.9219179388903536, 1.985405478589502, 0.20363621586004332], "rotation": [[0.18851878641415745, -0.0704729263373142, 0.9795377653885472], [0.5654342669419775, 0.8233012797537955, -0.04958923798114793], [-0.8029599970961951, 0.5632127212778648, 0.19505556555520345]], "fy": 2154.315549354144, "fx": 2154.315549354144}, {"id": 55, "img_name": "0_0056", "width": 1728, "height": 1152, "position": [-3.8885224084836607, 2.069848362924816, 0.07250251987694452], "rotation": [[0.22581171854265422, -0.07076344472146902, 0.9715974488747716], [0.5587170745898593, 0.826427463311726, -0.06966260435768289], [-0.7980252491811037, 0.5585787167224483, 0.22615375056394754]], "fy": 2156.445799901946, "fx": 2156.445799901946}, {"id": 56, "img_name": "0_0057", "width": 1728, "height": 1152, "position": [-3.8632170616198325, 2.15147143797717, -0.054126766465440186], "rotation": [[0.26107823958780385, -0.0703721458253872, 0.962749143809364], [0.5514122072971548, 0.8294824938625206, -0.08890089999146741], [-0.7923274136727902, 0.5540817209289112, 0.2553638895283422]], "fy": 2166.6915980976, "fx": 2166.6915980976005}, {"id": 57, "img_name": "0_0058", "width": 1728, "height": 1152, "position": [-3.808149237503292, 2.2244021064100146, -0.1652945407678438], "rotation": [[0.2937865940249533, -0.06999619682004789, 0.9533047621836083], [0.5440009285420541, 0.8322936574592791, -0.10653758725651218], [-0.7859722812648037, 0.5498979907071722, 0.2825947149180512]], "fy": 2157.976494391752, "fx": 2157.9764943917517}, {"id": 58, "img_name": "0_0059", "width": 1728, "height": 1152, "position": [-3.7648533222580283, 2.2945514779259275, -0.27303127379456693], "rotation": [[0.32455148049350796, -0.06914600896280917, 0.9433372493196625], [0.5363008400471048, 0.8349707808878435, -0.1233093833749672], [-0.779132687976985, 0.5459328021909473, 0.3080740657986292]], "fy": 2159.344878583333, "fx": 2159.344878583333}, {"id": 59, "img_name": "0_0060", "width": 1728, "height": 1152, "position": [-3.7142299149744766, 2.358485629020331, -0.37296188212367215], "rotation": [[0.3534599699206945, -0.06849802555125287, 0.9329384064123641], [0.528500475405164, 0.8375193241078824, -0.1387394292996455], [-0.7718505665996348, 0.5420972258197377, 0.3322307941753248]], "fy": 2156.5571053659887, "fx": 2156.5571053659887}, {"id": 60, "img_name": "0_0061", "width": 1728, "height": 1152, "position": [-3.664880270351454, 2.420396770280178, -0.469345350965216], "rotation": [[0.38111286609344874, -0.06750265950357658, 0.9220609384731472], [0.5204130521890695, 0.8399852331655335, -0.1536068461205453], [-0.764148701765104, 0.5383940926717048, 0.3552584447510261]], "fy": 2154.916885155159, "fx": 2154.916885155159}, {"id": 61, "img_name": "0_0062", "width": 1728, "height": 1152, "position": [-3.6017002318033247, 2.4843787952073004, -0.5680921892364175], "rotation": [[0.41027283219251864, -0.06656268581272329, 0.9095304349070051], [0.5118834451587678, 0.8422141271917386, -0.16926518404872465], [-0.7547526361246578, 0.5350184789482083, 0.3796099122083422]], "fy": 2148.844193846662, "fx": 2148.844193846662}, {"id": 62, "img_name": "0_0063", "width": 1728, "height": 1152, "position": [-3.530462263669013, 2.5551119472911483, -0.6811789081548906], "rotation": [[0.4429941330128708, -0.06529749392506756, 0.8941434087456442], [0.5010197870592296, 0.8450997025743788, -0.18650915710447213], [-0.7434617482367863, 0.5306060026006134, 0.4070895465532107]], "fy": 2146.1664955100464, "fx": 2146.1664955100464}, {"id": 63, "img_name": "0_0064", "width": 1728, "height": 1152, "position": [-3.457055293915473, 2.6292392249587015, -0.8025117931863384], "rotation": [[0.4770139465953887, -0.06383384698649895, 0.8765745460212703], [0.48875979362897676, 0.8481824353076992, -0.2042068083273941], [-0.7304598270166895, 0.5258438897756682, 0.4357942687786782]], "fy": 2148.6102040384817, "fx": 2148.6102040384817}, {"id": 64, "img_name": "0_0065", "width": 1728, "height": 1152, "position": [-3.363364692712286, 2.6970573085093177, -0.9111662050937503], "rotation": [[0.509897678205589, -0.06224324193059151, 0.8579802658537777], [0.4763045581983553, 0.8509674087082465, -0.22133331686811555], [-0.7163367403672795, 0.5215172558509852, 0.4635530457775452]], "fy": 2139.158318660497, "fx": 2139.158318660497}, {"id": 65, "img_name": "0_0066", "width": 1728, "height": 1152, "position": [-3.2869633664068525, 2.7640774206210685, -1.0207178055495623], "rotation": [[0.5403458159825468, -0.06017430695645652, 0.8392886582889499], [0.46350119428786224, 0.8537589378769831, -0.23719679358897527], [-0.702277040806462, 0.5171795904494645, 0.4892159330792929]], "fy": 2143.8319236195102, "fx": 2143.8319236195102}, {"id": 66, "img_name": "0_0067", "width": 1728, "height": 1152, "position": [-3.2092695473284376, 2.8261868298003376, -1.1247006193800282], "rotation": [[0.569052491001231, -0.05823297213664469, 0.8202366630683039], [0.4507018762427502, 0.8564015804068524, -0.25188122563603355], [-0.6877841821651314, 0.5130158418926053, 0.5135831624290879]], "fy": 2146.678687543129, "fx": 2146.678687543129}, {"id": 67, "img_name": "0_0068", "width": 1728, "height": 1152, "position": [-3.126746775377592, 2.8822862311459794, -1.2214383052935964], "rotation": [[0.5960744373329094, -0.05644469462368877, 0.8009427330384449], [0.4379048003067054, 0.8589658771230436, -0.26536203158437105], [-0.6730041983721942, 0.5089121912344788, 0.5367250046218467]], "fy": 2147.6314591889145, "fx": 2147.6314591889145}, {"id": 68, "img_name": "0_0069", "width": 1728, "height": 1152, "position": [-3.037170497646732, 2.935614615861877, -1.3104633210322436], "rotation": [[0.6220690397975948, -0.05440916329682774, 0.7810696208883284], [0.42515250623425777, 0.8611727172843779, -0.27861603946609065], [-0.657476582220255, 0.5053921190069942, 0.558841077478734]], "fy": 2144.8675713133925, "fx": 2144.8675713133925}, {"id": 69, "img_name": "0_0070", "width": 1728, "height": 1152, "position": [-2.9360545950459187, 2.9849782296515466, -1.3948734467928163], "rotation": [[0.6480056153265871, -0.0522534815561057, 0.7598409676836837], [0.41137445838753134, 0.8636176283243036, -0.2914372094188903], [-0.6409834455674939, 0.5014321147600845, 0.581124820323184]], "fy": 2136.3603121229185, "fx": 2136.360312122919}, {"id": 70, "img_name": "0_0071", "width": 1728, "height": 1152, "position": [-2.8341936935581047, 3.036500572380644, -1.4812077790680558], "rotation": [[0.6737728681179009, -0.04956640453856529, 0.7372742323784935], [0.3969998985079258, 0.8658004415988003, -0.30459920536997315], [-0.6232344685372226, 0.49792847565533116, 0.6030307043249822]], "fy": 2132.561942130927, "fx": 2132.561942130927}, {"id": 71, "img_name": "0_0072", "width": 1728, "height": 1152, "position": [-2.734724096642625, 3.0837648070069013, -1.5649793945232922], "rotation": [[0.6980378132354236, -0.046967820183249624, 0.7145188836977938], [0.38236091954310103, 0.8681260217091239, -0.31647644088880256], [-0.6054282273727103, 0.49411662014014823, 0.6239434487208072]], "fy": 2130.999961180362, "fx": 2130.999961180362}, {"id": 72, "img_name": "0_0073", "width": 1728, "height": 1152, "position": [-2.637017178684483, 3.1244110346288747, -1.6388738694028113], "rotation": [[0.7199780804234012, -0.04468330836431532, 0.6925568320819989], [0.3685146841869771, 0.8702267257961493, -0.32695928377809647], [-0.588071841910839, 0.49062087976739527, 0.6430106228421582]], "fy": 2128.029730100757, "fx": 2128.029730100757}, {"id": 73, "img_name": "0_0074", "width": 1728, "height": 1152, "position": [-2.5438778477363875, 3.1634377899760953, -1.7069323060365857], "rotation": [[0.7400759928237193, -0.04205630568758115, 0.6712069665892174], [0.3551107545089239, 0.8720026438864286, -0.3369090991457209], [-0.5711250973981873, 0.4876911483787573, 0.6602828688637318]], "fy": 2125.2070186419983, "fx": 2125.2070186419983}, {"id": 74, "img_name": "0_0075", "width": 1728, "height": 1152, "position": [-2.44601667600009, 3.1994293314895907, -1.7665704661676327], "rotation": [[0.7592277979321723, -0.039150778039860376, 0.649646340269795], [0.34171219462809166, 0.8735131192512264, -0.3467096862483741], [-0.5539006471286324, 0.4852237082778071, 0.6765737402793696]], "fy": 2119.164153292828, "fx": 2119.164153292828}, {"id": 75, "img_name": "0_0076", "width": 1728, "height": 1152, "position": [-2.346796442713033, 3.2364585337791554, -1.8347384992732447], "rotation": [[0.778696012472793, -0.03614866733021415, 0.6263591573603927], [0.3269445171723998, 0.87545224558146, -0.3559362982294523], [-0.5354809080162224, 0.4819508684053062, 0.6935297813313377]], "fy": 2118.6844886499166, "fx": 2118.6844886499166}, {"id": 76, "img_name": "0_0077", "width": 1728, "height": 1152, "position": [-2.236258184161675, 3.269915847336084, -1.896166420602382], "rotation": [[0.7981166508214524, -0.033084119894796614, 0.6015939267415642], [0.31164736025176554, 0.8772093283616497, -0.3652118797128727], [-0.5156410908079903, 0.47896684148914764, 0.7104259498528018]], "fy": 2112.7705802257524, "fx": 2112.7705802257524}, {"id": 77, "img_name": "0_0078", "width": 1728, "height": 1152, "position": [-2.120990903327157, 3.3067698281807165, -1.9666095521826417], "rotation": [[0.818152426591114, -0.029795962781342552, 0.5742288807305016], [0.2948429177463488, 0.8791124057864218, -0.3744716702865911], [-0.4936539888605091, 0.47568222438340335, 0.7280330766440257]], "fy": 2112.740211152931, "fx": 2112.740211152931}, {"id": 78, "img_name": "0_0079", "width": 1728, "height": 1152, "position": [-1.9890191316587518, 3.3396763397083884, -2.031757653423963], "rotation": [[0.8386102284377185, -0.025891639885120565, 0.5441162630759134], [0.2762074335717166, 0.8811523561844642, -0.3837707373293234], [-0.46951287351824905, 0.47212302228828673, 0.7460948421119198]], "fy": 2106.9200707535206, "fx": 2106.92007075352}, {"id": 79, "img_name": "0_0080", "width": 1728, "height": 1152, "position": [-1.8564526497491154, 3.3739691436836274, -2.0965257559501005], "rotation": [[0.8581329874972983, -0.021797976247147823, 0.5129645445842144], [0.2573129346981969, 0.8828291927530815, -0.3929410516349034], [-0.4442947550961671, 0.4691880909128781, 0.7631937538656652]], "fy": 2104.0773163676813, "fx": 2104.0773163676813}, {"id": 80, "img_name": "0_0081", "width": 1728, "height": 1152, "position": [-1.7340248717950162, 3.4033425627539984, -2.1584230119807044], "rotation": [[0.8751231126866357, -0.01797989402454887, 0.48356619097339737], [0.2393289929905143, 0.884612098774155, -0.40022876935139357], [-0.4205724322346872, 0.465980855951455, 0.7784476033304674]], "fy": 2105.3641062785905, "fx": 2105.3641062785905}, {"id": 81, "img_name": "0_0082", "width": 1728, "height": 1152, "position": [-1.608380814526223, 3.429072518961247, -2.210372815795724], "rotation": [[0.8909015088722573, -0.014467323774419817, 0.45396607586023574], [0.2219313855502924, 0.8859176032918443, -0.4073038918121969], [-0.3962839406244753, 0.4636169719935201, 0.7924760827196597]], "fy": 2102.2406508811905, "fx": 2102.2406508811905}, {"id": 82, "img_name": "0_0083", "width": 1728, "height": 1152, "position": [-1.485149187869162, 3.4480406578486584, -2.262678710831587], "rotation": [[0.9053252167893959, -0.010436660763001392, 0.42459077705168236], [0.20365731715941784, 0.8879385521186545, -0.41241826442200114], [-0.372706250299967, 0.45984367319073277, 0.8059986645235789]], "fy": 2101.4784747211907, "fx": 2101.478474721191}, {"id": 83, "img_name": "0_0084", "width": 1728, "height": 1152, "position": [-1.3540257603340857, 3.4687437462768234, -2.3069814187002455], "rotation": [[0.9192552757600696, -0.00628553622670583, 0.3936117757659461], [0.18526188487793713, 0.8891354482186206, -0.41846886232137576], [-0.34734388147591216, 0.45760096891878993, 0.818506921929089]], "fy": 2097.0181030484227, "fx": 2097.0181030484227}, {"id": 84, "img_name": "0_0085", "width": 1728, "height": 1152, "position": [-1.2259017824081517, 3.488248302195202, -2.356698420797771], "rotation": [[0.9320095789382628, -0.0023205180725117546, 0.36242621312923473], [0.16676275440650243, 0.8905845071949647, -0.4231423156422178], [-0.3217892610235445, 0.4548118850032142, 0.8304202675451413]], "fy": 2099.029825031183, "fx": 2099.0298250311826}, {"id": 85, "img_name": "0_0086", "width": 1728, "height": 1152, "position": [-1.0849164470757702, 3.5016183394849243, -2.4066134757093893], "rotation": [[0.9445779894176181, 0.0023113789012363267, 0.32827896587406424], [0.1460544786793052, 0.8925999372296678, -0.4265365650390471], [-0.2940076719500472, 0.4508436642397981, 0.8427926668222413]], "fy": 2100.4291313327085, "fx": 2100.4291313327085}, {"id": 86, "img_name": "0_0087", "width": 1728, "height": 1152, "position": [-0.947843540541116, 3.5143626026218415, -2.450013015987907], "rotation": [[0.9554506394656704, 0.006943098539043427, 0.29506926123762606], [0.12623118519991677, 0.8940658325820443, -0.4297813105433974], [-0.26679535870712884, 0.44788177055117234, 0.853359335907378]], "fy": 2102.3637975213032, "fx": 2102.3637975213032}, {"id": 87, "img_name": "0_0088", "width": 1728, "height": 1152, "position": [-0.812721783031417, 3.527615074142887, -2.4878959128905094], "rotation": [[0.9649382119057925, 0.011296510544863969, 0.26223393383305976], [0.10720999696215709, 0.8949701353435974, -0.4330525065098191], [-0.2395835214605254, 0.4459830105425234, 0.8623797832463385]], "fy": 2104.8463241709314, "fx": 2104.8463241709314}, {"id": 88, "img_name": "0_0089", "width": 1728, "height": 1152, "position": [-0.6752205204791962, 3.5372547356109343, -2.516650031741128], "rotation": [[0.9732460706910956, 0.015682199241319455, 0.22922948002230975], [0.08825736601198948, 0.8956142985666984, -0.4359881484025758], [-0.21213845297109316, 0.4445549424197603, 0.8702690273364868]], "fy": 2103.5263041121148, "fx": 2103.5263041121148}, {"id": 89, "img_name": "0_0090", "width": 1728, "height": 1152, "position": [-0.5376950615223444, 3.5468909090300835, -2.5433167131856123], "rotation": [[0.9804058838398768, 0.020028002130315255, 0.1959672984526195], [0.06937761122574025, 0.8959717477742588, -0.4386586078614551], [-0.1843666184339237, 0.44365922318938417, 0.8770264783267563]], "fy": 2103.8564644274707, "fx": 2103.8564644274707}, {"id": 90, "img_name": "0_0091", "width": 1728, "height": 1152, "position": [-0.3977938874121024, 3.5407137361101175, -2.548612625390133], "rotation": [[0.9863388687394978, 0.024649977879194172, 0.16287422940490834], [0.050201989135824465, 0.8967265402310922, -0.4397286348783554], [-0.15689294534966836, 0.4418980545733717, 0.8832387633385298]], "fy": 2092.4269771930026, "fx": 2092.4269771930026}, {"id": 91, "img_name": "0_0092", "width": 1728, "height": 1152, "position": [-0.2688115672437434, 3.53597646088569, -2.5620176998135995], "rotation": [[0.9908605708722523, 0.028914582466627876, 0.13175460527622762], [0.03226093526681566, 0.8976110750900056, -0.43960617594783], [-0.13097542191733647, 0.439838953250556, 0.8884746108117163]], "fy": 2088.370897527391, "fx": 2088.370897527391}, {"id": 92, "img_name": "0_0093", "width": 1728, "height": 1152, "position": [-0.12631379040842688, 3.530659063899826, -2.5712394924027953], "rotation": [[0.9947093887025329, 0.03331082694910536, 0.09717829405273543], [0.012859242228291955, 0.8981527554040873, -0.4394954696573784], [-0.10192091010360568, 0.4384199091829799, 0.8929726262969321]], "fy": 2084.3786709894057, "fx": 2084.3786709894057}, {"id": 93, "img_name": "0_0094", "width": 1728, "height": 1152, "position": [0.01682178570778012, 3.526019001260145, -2.582272680510069], "rotation": [[0.9973206313304906, 0.038420540844709666, 0.06225287434128113], [-0.007224198462376478, 0.8985461110221753, -0.43881966378399767], [-0.07279676695518517, 0.4371941770061955, 0.896416132336287]], "fy": 2084.135103392896, "fx": 2084.1351033928963}, {"id": 94, "img_name": "0_0095", "width": 1728, "height": 1152, "position": [0.15196929828163164, 3.5154542210633806, -2.5813378684587365], "rotation": [[0.9986221076446725, 0.043553143380106386, 0.029274730144337985], [-0.02637173643386213, 0.8987945005106527, -0.43757625320539184], [-0.04536978775324858, 0.43620129476368846, 0.8987046304574751]], "fy": 2078.995638676746, "fx": 2078.995638676746}, {"id": 95, "img_name": "0_0096", "width": 1728, "height": 1152, "position": [0.28242330203537286, 3.509613513648451, -2.587547078180749], "rotation": [[0.9988337220965352, 0.04820704857797116, -0.0026974191707306665], [-0.04455692090128255, 0.8988034285383046, -0.4360815034458417], [-0.018597752621710713, 0.435693099916891, 0.8999031316104148]], "fy": 2080.8200146937024, "fx": 2080.8200146937024}, {"id": 96, "img_name": "0_0097", "width": 1728, "height": 1152, "position": [0.41807692676310665, 3.5028102348808474, -2.599839077062841], "rotation": [[0.9979626195845949, 0.052784376022008, -0.035838799642574456], [-0.06311371678802863, 0.8989877911005962, -0.4334023652511271], [0.009341769910131695, 0.4347812796108385, 0.9004876291404054]], "fy": 2088.078439976809, "fx": 2088.078439976809}, {"id": 97, "img_name": "0_0098", "width": 1728, "height": 1152, "position": [0.56128997692318, 3.4810201354733254, -2.592218838065463], "rotation": [[0.9958151552312119, 0.05762704438353465, -0.07093165983857695], [-0.08261149164090745, 0.8995247143919128, -0.428987913171236], [0.03908347554532153, 0.43305243557075834, 0.9005209991918748]], "fy": 2084.731562738545, "fx": 2084.731562738545}, {"id": 98, "img_name": "0_0099", "width": 1728, "height": 1152, "position": [0.6985671227260787, 3.460328681681296, -2.5848765976536807], "rotation": [[0.992517131457088, 0.06290602451420585, -0.10465455481732103], [-0.10177317467178869, 0.8997538271616661, -0.42436455015135294], [0.06746824943200402, 0.4318401122959199, 0.8994232333728257]], "fy": 2084.1654676970725, "fx": 2084.165467697072}, {"id": 99, "img_name": "0_0100", "width": 1728, "height": 1152, "position": [0.8476696171690284, 3.442702625336014, -2.5825265814187195], "rotation": [[0.9876808976539547, 0.0684373256711129, -0.1407223396069866], [-0.12206689031487895, 0.8996391334837304, -0.4192244074400941], [0.09790872636457565, 0.4312374774525385, 0.8969103184499764]], "fy": 2089.8210348805796, "fx": 2089.82103488058}, {"id": 100, "img_name": "0_0101", "width": 1728, "height": 1152, "position": [1.0052319540866645, 3.419237502631884, -2.5717774900954606], "rotation": [[0.9810687173174442, 0.07414411580566847, -0.178904505232542], [-0.14328476964956668, 0.8993881641225325, -0.4130017009925882], [0.13028294856801345, 0.4308173398642355, 0.8929853151002698]], "fy": 2094.70